 {"warps":[[849.7546997070313,630.1127319335938,1142.8092041015626,0.760735809803009,-6.143776687395075e-8,0.6490616798400879,9.33980714989957e-8,1,-1.4811361914723875e-8,-0.6490616798400879,7.188864259433103e-8,0.760735809803009],[647.128662109375,629.7852172851563,1147.68017578125,0.01320047676563263,-1.166273193575762e-7,0.9999128580093384,-1.212043265752527e-8,1,1.1679748723736339e-7,-0.9999128580093384,-1.3661159314892757e-8,0.01320047676563263],[554.6842041015625,706.1127319335938,1124.896240234375,0.7820354700088501,2.5845135809277054e-8,0.6232339143753052,-4.591228730532748e-8,1,1.6141454395324218e-8,-0.6232339143753052,-4.123728558624862e-8,0.7820354700088501],[-198.09683227539063,770.1127319335938,1025.6109619140626,0.7422577142715454,2.917886376962997e-8,0.6701145172119141,7.034517857107403e-9,1,-5.133493985454152e-8,-0.6701145172119141,4.281768539726727e-8,0.7422577142715454],[-194.9207000732422,770.1127319335938,275.7608947753906,0.6143492460250855,1.0117490489847114e-7,0.7890342473983765,-7.434124427163624e-8,1,-7.03434821502924e-8,-0.7890342473983765,-1.5442322975900426e-8,0.6143492460250855],[-288.12744140625,638.1127319335938,175.25625610351563,-0.5363526344299316,1.1180530806731426e-10,-0.8439940214157105,-7.616376279662163e-11,1,1.808732608132857e-10,0.8439940214157105,1.6129360347338918e-10,-0.5363526344299316],[-638.7161865234375,770.1127319335938,9.640750885009766,0.539456307888031,-4.1779046000556266e-8,0.8420135974884033,-3.338427534416155e-9,1,5.175686368374954e-8,-0.8420135974884033,-3.073156662480869e-8,0.539456307888031],[-964.8134765625,774.1127319335938,437.8536682128906,-0.9393142461776733,-1.4234424305925586e-8,0.34305787086486819,-1.0370002634374487e-9,1,3.865340403308437e-8,-0.34305787086486819,3.595194542072022e-8,-0.9393142461776733],[-1512.1070556640626,942.1127319335938,781.2346801757813,0.5618694424629211,-5.144647374777378e-9,0.827225923538208,-9.241878928811786e-10,1,6.8468843927860238e-9,-0.827225923538208,-4.611567572254671e-9,0.5618694424629211],[-1923.9283447265626,942.1127319335938,192.46438598632813,0.7058898210525513,6.742652214342115e-9,0.7083216309547424,2.148479794072955e-8,1,-3.093023082101354e-8,-0.7083216309547424,3.7051481882599549e-8,0.7058898210525513],[-2434.455078125,778.1127319335938,-255.1343231201172,0.889607310295105,-4.690801969076119e-9,0.45672622323036196,-6.396958962540111e-9,1,2.2730430870865349e-8,-0.45672622323036196,-2.3142815663845796e-8,0.889607310295105],[-2079.841796875,1050.1126708984376,-381.03271484375,0.9281995296478272,6.807011487808268e-8,-0.37208282947540285,-3.596229447566657e-8,1,9.323174054998162e-8,0.37208282947540285,-7.315670558227794e-8,0.9281995296478272],[-1756.62841796875,1218.1126708984376,-485.0994873046875,-0.194724902510643,-9.450307203451303e-8,-0.9808579087257385,1.7072845359678013e-9,1,-9.668630696069158e-8,0.9808579087257385,-2.0501834896435868e-8,-0.194724902510643],[-1873.9248046875,1434.1126708984376,-690.8243408203125,0.839317262172699,-3.943260651340097e-8,0.5436418652534485,-3.118280034186682e-8,1,1.2067663135439944e-7,-0.5436418652534485,-1.1823825474266414e-7,0.839317262172699],[-1434.3662109375,1434.1126708984376,-1354.8485107421876,0.9890064001083374,-2.5579910412076858e-10,-0.1478729099035263,5.939015945699566e-11,1,-1.332643329021721e-9,0.1478729099035263,1.309210628797075e-9,0.9890064001083374],[-1373.879150390625,1534.1126708984376,-1569.7640380859376,0.03803145885467529,2.2581518877018426e-8,-0.9992765188217163,2.4247688301670679e-9,1,2.2690151979531948e-8,0.9992765188217163,-3.2859541754248768e-9,0.03803145885467529],[-1305.1199951171876,1706.1126708984376,-1660.5999755859376,0.8715818524360657,-2.5665352065828985e-9,-0.49024996161460879,7.708483851232018e-10,1,-3.8647174349648598e-9,0.49024996161460879,2.9905091736281976e-9,0.8715818524360657],[-1879.728271484375,1706.1126708984376,-2037.6778564453126,0.49739912152290347,1.5371657724472244e-8,0.8675218224525452,-3.495387312923981e-11,1,-1.7699003151960825e-8,-0.8675218224525452,8.773145765417212e-9,0.49739912152290347],[-2176.5927734375,1710.1126708984376,-2044.3583984375,-0.02510194107890129,1.0532079386393889e-7,0.9996848702430725,2.7095472532323585e-9,1,-1.0528595595360457e-7,-0.9996848702430725,6.581160616470072e-11,-0.02510194107890129],[-2591.48974609375,1870.1126708984376,-2400.828857421875,0.9725083112716675,5.379991119269789e-9,-0.23286817967891694,-8.384922978166287e-9,1,-1.1914105257915253e-8,0.23286817967891694,1.3539147580843292e-8,0.9725083112716675],[-2917.4560546875,1734.1126708984376,-2154.4794921875,-0.45264697074890139,-3.067716036753154e-8,0.8916898369789124,-3.7063507818402288e-10,1,3.421525462954378e-8,-0.8916898369789124,1.5156940591509739e-8,-0.45264697074890139],[-3265.365478515625,1738.1126708984376,-2410.313232421875,-0.1811693161725998,9.392419997311663e-8,0.9834519028663635,-6.130768070988779e-8,1,-1.067985877512001e-7,-0.9834519028663635,-7.964177939356887e-8,-0.1811693161725998],[-3398.626220703125,1934.1126708984376,-2505.159423828125,-0.9143796563148499,9.236120313005359e-9,0.4048577845096588,1.656973724895039e-10,1,-2.243901420229122e-8,-0.4048577845096588,-2.0450693583029534e-8,-0.9143796563148499],[-3894.6669921875,1942.1126708984376,-2221.396240234375,-0.5449966788291931,-1.574174746110657e-8,0.8384382128715515,1.1278803668801629e-8,1,2.610646454570542e-8,-0.8384382128715515,2.36845156820209e-8,-0.5449966788291931],[-3967.57421875,1754.1126708984376,-2300.8876953125,-0.9646937847137451,-3.3580874969629806e-8,0.2633741497993469,-1.5180843249140709e-8,1,7.189775885763084e-8,-0.2633741497993469,6.536107832744165e-8,-0.9646937847137451],[-3918.025146484375,1754.1126708984376,-1709.92138671875,-0.5303255319595337,-4.647906237664756e-8,-0.8477941155433655,-1.6042375206026805e-9,1,-5.382001688758464e-8,0.8477941155433655,-2.7182066375530668e-8,-0.5303255319595337],[-4145.3193359375,1942.1126708984376,-1472.267578125,-0.5495694279670715,6.598442325866927e-8,0.8354480266571045,-4.020990118647205e-8,1,-1.0543151773845239e-7,-0.8354480266571045,-9.153522739779874e-8,-0.5495694279670715],[-4308.58642578125,1942.1126708984376,-1101.2034912109376,-0.9852142333984375,-1.50350203398375e-8,-0.17132702469825746,-2.481256089481576e-8,1,5.4928094073147807e-8,0.17132702469825746,5.836700367467529e-8,-0.9852142333984375],[-3713.16552734375,1942.1126708984376,-534.8001708984375,-0.2690434157848358,-1.9388302074929699e-9,0.9631280303001404,-8.387678462895565e-8,1,-2.1417367435105917e-8,-0.9631280303001404,-8.654628658177899e-8,-0.2690434157848358],[-3505.320556640625,1658.1126708984376,73.91890716552735,-0.9924920797348023,1.8868027140683809e-8,-0.1223088949918747,6.358600312950102e-9,1,1.026676557103201e-7,0.1223088949918747,1.0111912018828662e-7,-0.9924920797348023],[-3719.402587890625,1659.5970458984376,459.06884765625,-0.5408363938331604,-5.075172637702963e-8,0.8411278128623962,1.5330952507497387e-8,1,7.019534820074114e-8,-0.8411278128623962,5.085949084104868e-8,-0.5408363938331604],[-4143.30078125,1658.1126708984376,493.95611572265627,-0.37288251519203188,-8.185052990938857e-8,0.9278785586357117,-1.5178253320868863e-8,1,8.211292623627742e-8,-0.9278785586357117,1.653489967168298e-8,-0.37288251519203188],[-4223.90087890625,1658.1126708984376,970.743896484375,-0.7240777611732483,5.678040793100081e-8,0.6897183656692505,-4.5821685334956899e-10,1,-8.280509433689076e-8,-0.6897183656692505,-6.027336496572389e-8,-0.7240777611732483],[-4566.34375,1656.1751708984376,645.30712890625,0.6954225897789002,-9.305899340006363e-8,0.7186009883880615,1.8209062702112534e-8,1,1.1187849224825186e-7,-0.7186009883880615,-6.471778135619388e-8,0.6954225897789002],[-4464.95654296875,1658.1126708984376,152.80548095703126,0.950031578540802,-6.685898767955223e-8,-0.31215378642082217,4.180636281603256e-8,1,-8.694951247889549e-8,0.31215378642082217,6.955476550274398e-8,0.950031578540802],[-4488.17138671875,2058.112548828125,55.7323112487793,-0.1629336029291153,6.808563157711944e-10,0.9866370558738709,9.173252435434875e-13,1,-6.899262827708696e-10,-0.9866370558738709,-1.1150710910179385e-10,-0.1629336029291153],[-4888.52783203125,2058.112548828125,685.35986328125,-0.8387489914894104,-4.741927028817372e-8,0.5445182919502258,1.4982167728661012e-9,1,8.939259288354151e-8,-0.5445182919502258,7.579374994293176e-8,-0.8387489914894104],[-5394.55859375,2060.362548828125,535.795166015625,-0.2683659791946411,-5.295905936009149e-8,-0.9633170366287231,4.621380966796096e-8,1,-6.7850223217647e-8,0.9633170366287231,-6.272723851452611e-8,-0.2683659791946411],[-5425.1611328125,1886.1126708984376,423.3994445800781,0.7795916795730591,-4.125560337797651e-8,-0.626288115978241,1.7384566675104908e-8,1,-4.423322153002118e-8,0.626288115978241,2.359610640212395e-8,0.7795916795730591],[-5317.935546875,1886.1126708984376,158.37045288085938,0.9553708434104919,-1.5182454404794045e-8,-0.29540911316871645,-1.0871422873037773e-8,1,-8.655351280140167e-8,0.29540911316871645,8.590221511894924e-8,0.9553708434104919],[-5264.07421875,1886.1126708984376,-174.70904541015626,0.9376199245452881,2.874717530687576e-8,0.3476620316505432,1.3605713222730743e-9,1,-8.63564935116301e-8,-0.3476620316505432,8.144258600850662e-8,0.9376199245452881],[-4969.87353515625,1910.1126708984376,-425.9425354003906,-0.7890480160713196,4.0930860478738398e-8,-0.6143315434455872,8.85662174709978e-8,1,-4.7127869606811149e-8,0.6143315434455872,-9.159517588841482e-8,-0.7890480160713196],[-4835.20458984375,2058.112548828125,-571.0986328125,0.7972410321235657,-3.7764845473020617e-8,-0.6036611199378967,-3.673543957916081e-8,1,-1.1107530895060336e-7,0.6036611199378967,1.1072955174995514e-7,0.7972410321235657],[-5001.2236328125,2058.112548828125,-1229.941650390625,0.9787602424621582,2.234834539649455e-8,-0.20500829815864564,-2.624874761991691e-10,1,1.0775872993917801e-7,0.20500829815864564,-1.054161486990779e-7,0.9787602424621582],[-4919.45068359375,2066.112548828125,-1568.55419921875,0.998881459236145,1.1664009758050043e-9,-0.04728402569890022,3.9322486933279779e-10,1,3.297489925557784e-8,0.04728402569890022,-3.2956609885559376e-8,0.998881459236145],[-5184.88134765625,2066.112548828125,-1747.9049072265626,0.801493227481842,6.684943798518361e-8,0.5980038046836853,-1.0249964071951112e-10,1,-1.1165026592152572e-7,-0.5980038046836853,8.942564022618171e-8,0.801493227481842],[-5078.64599609375,2150.112548828125,-1920.1700439453126,0.9853649139404297,-3.430242045965315e-8,-0.17045806348323823,5.109805201186646e-8,1,9.414520008022009e-8,0.17045806348323823,-1.0147745399535779e-7,0.9853649139404297],[-5260.642578125,2290.112548828125,-2251.66748046875,0.9798597693443298,5.535475011697599e-8,0.19968675076961518,-4.120466101653619e-8,1,-7.501729015757519e-8,-0.19968675076961518,6.52783995747086e-8,0.9798597693443298],[-5864.58447265625,2466.112548828125,-1823.3629150390626,-0.9894074201583862,-8.473500656691613e-8,-0.14516523480415345,-7.708926830218843e-8,1,-5.8294325810948069e-8,0.14516523480415345,-4.6486157145864129e-8,-0.9894074201583862],[-5916.9384765625,2706.112548828125,-828.5219116210938,-0.866136908531189,1.7746401015372726e-9,0.49980682134628298,4.031608033527867e-11,1,-3.4807865478825308e-9,-0.49980682134628298,-2.9946873869590719e-9,-0.866136908531189],[-6640.275390625,3150.007568359375,-797.3786010742188,-0.02464621141552925,6.401734253813629e-8,0.9996962547302246,-9.69080260482258e-10,1,-6.406069275044502e-8,-0.9996962547302246,-2.547639210703778e-9,-0.02464621141552925]]}
